M1 = 2.7409658
M7 = 1.0498624E8
