M1 = 3.2435458
M7 = 2.92714189E9
